# https://en.wikipedia.org/wiki/Transformation_of_text#Reversed_text

r45 <- list()
r90 <- list()
r135 <- list()
r180 <- list()
r225 <- list()
r270 <- list()
r315 <- list()

### Spaces, Letters, Numbers
## Null
r45[[" "]] <- " "
r90[[" "]] <- " "
r135[[" "]] <- " "
r180[[" "]] <- " "
r225[[" "]] <- " "
r270[[" "]] <- " "
r315[[" "]] <- " "
r45[["\u3000"]] <- "\u3000" # Ideographic (Square) Space
r90[["\u3000"]] <- "\u3000"
r135[["\u3000"]] <- "\u3000"
r180[["\u3000"]] <- "\u3000"
r225[["\u3000"]] <- "\u3000"
r270[["\u3000"]] <- "\u3000"
r315[["\u3000"]] <- "\u3000"
# nolint start
# r180[["\u2202"]] <- "e"
# r180[["\u2202"]] <- "\u03ed"
# nolint end
r180[["\u2202"]] <- "\u03f1"
r180[["n"]] <- "u"
r270[["n"]] <- "\u1d59"
r180[["N"]] <- "N"
r180[["0"]] <- "0"
 r90[["\U000FCB50"]] <- "\U000FCB74" # Game Bit PUA
r180[["\U000FCB50"]] <- "\U000FCB68"
r270[["\U000FCB50"]] <- "\U000FCB5C"
 r90[["\U000FCC50"]] <- "\U000FCC74" # Game Bit PUA
r180[["\U000FCC50"]] <- "\U000FCC68"
r270[["\U000FCC50"]] <- "\U000FCC5C"

## Ace
r90[["A"]] <- "\u2222"
r180[["A"]] <- "\u2200"
r180[["a"]] <- "\u0250"
r90[["1"]] <- "\u21bd"
# r90[["1"]] <- "\u295e" # nolint
r180[["1"]] <- "\u21c2"
# r180[["1"]] <- "\u295d" # nolint
r270[["1"]] <- "\u21c0"
# r270[["1"]] <- "\u295b" # nolint
r90[["\u21bf"]] <- "\u21bd"
r180[["\u21bf"]] <- "\u21c2"
r270[["\u21bf"]] <- "\u21c0"
r90[["\u2960"]] <- "\u295e"
r180[["\u2960"]] <- "\u295d"
r270[["\u2960"]] <- "\u295b"
r180[["\u0ed1"]] <- "\u0ed2" ## Spirals (Lao Digit One)
r180[["\u0ed2"]] <- "\u0ed1" ## Spirals (Lao Digit One)
 r90[["\U000FCB51"]] <- "\U000FCB75" # Game Bit PUA
r180[["\U000FCB51"]] <- "\U000FCB69"
r270[["\U000FCB51"]] <- "\U000FCB5D"
 r90[["\U000FCC51"]] <- "\U000FCC75" # Game Bit PUA
r180[["\U000FCC51"]] <- "\U000FCC69"
r270[["\U000FCC51"]] <- "\U000FCC5D"

r180[["2"]] <- "\u218a"
 r90[["\U000FCB52"]] <- "\U000FCB76" # Game Bit PUA
r180[["\U000FCB52"]] <- "\U000FCB6A"
r270[["\U000FCB52"]] <- "\U000FCB5E"
 r90[["\U000FCC52"]] <- "\U000FCC76" # Game Bit PUA
r180[["\U000FCC52"]] <- "\U000FCC6A"
r270[["\U000FCC52"]] <- "\U000FCC5E"

r90[["3"]] <- "m"
r180[["3"]] <- "\u218b"
r270[["3"]] <- "\u03c9"
 r90[["\U000FCB53"]] <- "\U000FCB77" # Game Bit PUA
r180[["\U000FCB53"]] <- "\U000FCB6B"
r270[["\U000FCB53"]] <- "\U000FCB5F"
 r90[["\U000FCC53"]] <- "\U000FCC77" # Game Bit PUA
r180[["\U000FCC53"]] <- "\U000FCC6B"
r270[["\U000FCC53"]] <- "\U000FCC5F"

r180[["4"]] <- "\u152d"
# nolint start
# r180[["4"]] <- "\u3123"
# r180[["4"]] <- "\u07c8"
# r180[["5"]] <- "\u03da"
# nolint end
 r90[["\U000FCB54"]] <- "\U000FCB78" # Game Bit PUA
r180[["\U000FCB54"]] <- "\U000FCB6C"
r270[["\U000FCB54"]] <- "\U000FCB60"
 r90[["\U000FCC54"]] <- "\U000FCC78" # Game Bit PUA
r180[["\U000FCC54"]] <- "\U000FCC6C"
r270[["\U000FCC54"]] <- "\U000FCC60"

r180[["5"]] <- "\u2185\u0332"
 r90[["\U000FCB55"]] <- "\U000FCB79" # Game Bit PUA
r180[["\U000FCB55"]] <- "\U000FCB6D"
r270[["\U000FCB55"]] <- "\U000FCB61"
 r90[["\U000FCC55"]] <- "\U000FCC79" # Game Bit PUA
r180[["\U000FCC55"]] <- "\U000FCC6D"
r270[["\U000FCC55"]] <- "\U000FCC61"

r180[["6"]] <- "9"
 r90[["\U000FCB56"]] <- "\U000FCB7A" # Game Bit PUA
r180[["\U000FCB56"]] <- "\U000FCB6E"
r270[["\U000FCB56"]] <- "\U000FCB62"
 r90[["\U000FCC56"]] <- "\U000FCC7A" # Game Bit PUA
r180[["\U000FCC56"]] <- "\U000FCC6E"
r270[["\U000FCC56"]] <- "\U000FCC62"

 r90[["\U000FCB57"]] <- "\U000FCB7B" # Game Bit PUA
r180[["\U000FCB57"]] <- "\U000FCB6F"
r270[["\U000FCB57"]] <- "\U000FCB63"
 r90[["\U000FCC57"]] <- "\U000FCC7B" # Game Bit PUA
r180[["\U000FCC57"]] <- "\U000FCC6F"
r270[["\U000FCC57"]] <- "\U000FCC63"

 r90[["\U000FCB58"]] <- "\U000FCB7C" # Game Bit PUA
r180[["\U000FCB58"]] <- "\U000FCB70"
r270[["\U000FCB58"]] <- "\U000FCB64"
 r90[["\U000FCC58"]] <- "\U000FCC7C" # Game Bit PUA
r180[["\U000FCC58"]] <- "\U000FCC70"
r270[["\U000FCC58"]] <- "\U000FCC64"

r180[["9"]] <- "6"
 r90[["\U000FCB59"]] <- "\U000FCB7D" # Game Bit PUA
r180[["\U000FCB59"]] <- "\U000FCB71"
r270[["\U000FCB59"]] <- "\U000FCB65"
 r90[["\U000FCC59"]] <- "\U000FCC7D" # Game Bit PUA
r180[["\U000FCC59"]] <- "\U000FCC71"
r270[["\U000FCC59"]] <- "\U000FCC65"

 r90[["\U000FCB5A"]] <- "\U000FCB7E" # Game Bit PUA
r180[["\U000FCB5A"]] <- "\U000FCB72"
r270[["\U000FCB5A"]] <- "\U000FCB66"
 r90[["\U000FCC5A"]] <- "\U000FCC7E" # Game Bit PUA
r180[["\U000FCC5A"]] <- "\U000FCC72"
r270[["\U000FCC5A"]] <- "\U000FCC66"

 r90[["\U000FCB5B"]] <- "\U000FCB7F" # Game Bit PUA
r180[["\U000FCB5B"]] <- "\U000FCB73"
r270[["\U000FCB5B"]] <- "\U000FCB67"
 r90[["\U000FCC5B"]] <- "\U000FCC7F" # Game Bit PUA
r180[["\U000FCC5B"]] <- "\U000FCC73"
r270[["\U000FCC5B"]] <- "\U000FCC67"

### Piecepack
## Suns
r45[["\u2600"]] <- "\u2600"
r45[["\u2609"]] <- "\u2609"
r45[["\u263c"]] <- "\u263c"
r90[["\u2600"]] <- "\u2600"
r90[["\u2609"]] <- "\u2609"
r90[["\u263c"]] <- "\u263c"
r135[["\u2600"]] <- "\u2600"
r135[["\u2609"]] <- "\u2609"
r135[["\u263c"]] <- "\u263c"
r180[["\u2600"]] <- "\u2600"
r180[["\u2609"]] <- "\u2609"
r180[["\u263c"]] <- "\u263c"
r225[["\u2600"]] <- "\u2600"
r225[["\u2609"]] <- "\u2609"
r225[["\u263c"]] <- "\u263c"
r270[["\u2600"]] <- "\u2600"
r270[["\u2609"]] <- "\u2609"
r270[["\u263c"]] <- "\u263c"
r315[["\u2600"]] <- "\u2600"
r315[["\u2609"]] <- "\u2609"
r315[["\u263c"]] <- "\u263c"
 r90[["\U000FCB00"]] <- "\U000FCB0C" # Game Bit PUA (Black)
r180[["\U000FCB00"]] <- "\U000FCB08"
r270[["\U000FCB00"]] <- "\U000FCB04"
 r90[["\U000FCC00"]] <- "\U000FCC0C" # Game Bit PUA (Black)
r180[["\U000FCC00"]] <- "\U000FCC08"
r270[["\U000FCC00"]] <- "\U000FCC04"
 r90[["\U000FCE00"]] <- "\U000FCE0C" # Game Bit PUA (Black)
r180[["\U000FCE00"]] <- "\U000FCE08"
r270[["\U000FCE00"]] <- "\U000FCE04"

 r90[["\U000FCB10"]] <- "\U000FCB1C" # Game Bit PUA (White)
r180[["\U000FCB10"]] <- "\U000FCB18"
r270[["\U000FCB10"]] <- "\U000FCB14"
 r90[["\U000FCC10"]] <- "\U000FCC1C" # Game Bit PUA (White)
r180[["\U000FCC10"]] <- "\U000FCC18"
r270[["\U000FCC10"]] <- "\U000FCC14"
 r90[["\U000FCE10"]] <- "\U000FCE1C" # Game Bit PUA (White)
r180[["\U000FCE10"]] <- "\U000FCE18"
r270[["\U000FCE10"]] <- "\U000FCE14"

## Moons
r90[["\u25d0"]] <- "\u25d3"
r180[["\u25d0"]] <- "\u25d1"
r270[["\u25d0"]] <- "\u25d2"
r90[["\u25d8"]] <- "\u25d8"
r180[["\u25d8"]] <- "\u25d8"
r270[["\u25d8"]] <- "\u25d8"
r180[["\u263e"]] <- "\u263d"
r180[["\u263d"]] <- "\u263e"
 r90[["\U000FCB01"]] <- "\U000FCB0D" # Game Bit PUA (Black)
r180[["\U000FCB01"]] <- "\U000FCB09"
r270[["\U000FCB01"]] <- "\U000FCB05"
 r90[["\U000FCC01"]] <- "\U000FCC0D" # Game Bit PUA (Black)
r180[["\U000FCC01"]] <- "\U000FCC09"
r270[["\U000FCC01"]] <- "\U000FCC05"
 r90[["\U000FCE01"]] <- "\U000FCE0D" # Game Bit PUA (Black)
r180[["\U000FCE01"]] <- "\U000FCE09"
r270[["\U000FCE01"]] <- "\U000FCE05"

 r90[["\U000FCB11"]] <- "\U000FCB1D" # Game Bit PUA (White)
r180[["\U000FCB11"]] <- "\U000FCB19"
r270[["\U000FCB11"]] <- "\U000FCB15"
 r90[["\U000FCC11"]] <- "\U000FCC1D" # Game Bit PUA (White)
r180[["\U000FCC11"]] <- "\U000FCC19"
r270[["\U000FCC11"]] <- "\U000FCC15"
 r90[["\U000FCE11"]] <- "\U000FCE1D" # Game Bit PUA (White)
r180[["\U000FCE11"]] <- "\U000FCE19"
r270[["\U000FCE11"]] <- "\U000FCE15"

## Crowns
r180[["\u2641"]] <- "\u2640" # Earth
r180[["\u2640"]] <- "\u2641" # Venus
r180[["\u0238"]] <- "\u0239" # Small Letter db Digraph
 r90[["\U000FCB02"]] <- "\U000FCB0E" # Game Bit PUA (Black)
r180[["\U000FCB02"]] <- "\U000FCB0A"
r270[["\U000FCB02"]] <- "\U000FCB06"
 r90[["\U000FCC02"]] <- "\U000FCC0E" # Game Bit PUA (Black)
r180[["\U000FCC02"]] <- "\U000FCC0A"
r270[["\U000FCC02"]] <- "\U000FCC06"
 r90[["\U000FCE02"]] <- "\U000FCE0E" # Game Bit PUA (Black)
r180[["\U000FCE02"]] <- "\U000FCE0A"
r270[["\U000FCE02"]] <- "\U000FCE06"

 r90[["\U000FCB12"]] <- "\U000FCB1E" # Game Bit PUA (White)
r180[["\U000FCB12"]] <- "\U000FCB1A"
r270[["\U000FCB12"]] <- "\U000FCB16"
 r90[["\U000FCC12"]] <- "\U000FCC1E" # Game Bit PUA (White)
r180[["\U000FCC12"]] <- "\U000FCC1A"
r270[["\U000FCC12"]] <- "\U000FCC16"
 r90[["\U000FCE12"]] <- "\U000FCE1E" # Game Bit PUA (White)
