# https://en.wikipedia.org/wiki/Transformation_of_text#Reversed_text

r45 <- list()
r90 <- list()
r135 <- list()
r180 <- list()
r225 <- list()
r270 <- list()
r315 <- list()

### Spaces, Letters, Numbers
## Null
r45[[" "]] <- " "
r90[[" "]] <- " "
r135[[" "]] <- " "
r180[[" "]] <- " "
r225[[" "]] <- " "
r270[[" "]] <- " "
r315[[" "]] <- " "
r45[["\u3000"]] <- "\u3000" # Ideographic (Square) Space
r90[["\u3000"]] <- "\u3000"
r135[["\u3000"]] <- "\u3000"
r180[["\u3000"]] <- "\u3000"
r225[["\u3000"]] <- "\u3000"
r270[["\u3000"]] <- "\u3000"
r315[["\u3000"]] <- "\u3000"
# nolint start
# r180[["\u2202"]] <- "e"
# r180[["\u2202"]] <- "\u03ed"
# nolint end
r180[["\u2202"]] <- "\u03f1"
r180[["\u0ed1"]] <- "\u0ed2" ## Spirals (Lao Digit One)
r180[["\u0ed2"]] <- "\u0ed1" ## Spirals (Lao Digit One)
r180[["n"]] <- "u"
r270[["n"]] <- "\u1d59"
r180[["N"]] <- "N"
r180[["0"]] <- "0"
## Ace
r90[["A"]] <- "\u2222"
r180[["A"]] <- "\u2200"
r180[["a"]] <- "\u0250"
r90[["1"]] <- "\u21bd"
# r90[["1"]] <- "\u295e" # nolint
r180[["1"]] <- "\u21c2"
# r180[["1"]] <- "\u295d" # nolint
r270[["1"]] <- "\u21c0"
# r270[["1"]] <- "\u295b" # nolint
r90[["\u21bf"]] <- "\u21bd"
r180[["\u21bf"]] <- "\u21c2"
r270[["\u21bf"]] <- "\u21c0"
r90[["\u2960"]] <- "\u295e"
r180[["\u2960"]] <- "\u295d"
r270[["\u2960"]] <- "\u295b"

r180[["2"]] <- "\u218a"

r90[["3"]] <- "m"
r180[["3"]] <- "\u218b"
r270[["3"]] <- "\u03c9"

r180[["4"]] <- "\u152d"
# nolint start
# r180[["4"]] <- "\u3123"
# r180[["4"]] <- "\u07c8"
# r180[["5"]] <- "\u03da"
# nolint end
r180[["5"]] <- "\u2185\u0332"

r180[["6"]] <- "9"
r180[["9"]] <- "6"

### Piecepack
## Suns
r45[["\u2600"]] <- "\u2600"
r45[["\u2609"]] <- "\u2609"
r45[["\u263c"]] <- "\u263c"
r90[["\u2600"]] <- "\u2600"
r90[["\u2609"]] <- "\u2609"
r90[["\u263c"]] <- "\u263c"
r135[["\u2600"]] <- "\u2600"
r135[["\u2609"]] <- "\u2609"
r135[["\u263c"]] <- "\u263c"
r180[["\u2600"]] <- "\u2600"
r180[["\u2609"]] <- "\u2609"
r180[["\u263c"]] <- "\u263c"
r225[["\u2600"]] <- "\u2600"
r225[["\u2609"]] <- "\u2609"
r225[["\u263c"]] <- "\u263c"
r270[["\u2600"]] <- "\u2600"
r270[["\u2609"]] <- "\u2609"
r270[["\u263c"]] <- "\u263c"
r315[["\u2600"]] <- "\u2600"
r315[["\u2609"]] <- "\u2609"
r315[["\u263c"]] <- "\u263c"

## Moons
r90[["\u25d0"]] <- "\u25d3"
r180[["\u25d0"]] <- "\u25d1"
r270[["\u25d0"]] <- "\u25d2"
r90[["\u25d8"]] <- "\u25d8"
r180[["\u25d8"]] <- "\u25d8"
r270[["\u25d8"]] <- "\u25d8"
r180[["\u263e"]] <- "\u263d"
r180[["\u263d"]] <- "\u263e"

## Crowns
r180[["\u2641"]] <- "\u2640" # Earth
r180[["\u2640"]] <- "\u2641" # Venus
r180[["\u0238"]] <- "\u0239" # Small Letter db Digraph

## Arms
r180[["\u2020"]] <- "\u2e38" ## Dagger
r180[["\u2e38"]] <- "\u2020" ## Turned Dagger
r180[["\u2021"]] <- "\u2021" ## Double Dagger

## Misc
r180[["\u260a"]] <- "\u260b" # Ascending/Descending nodes
r180[["\u260b"]] <- "\u260a" # Ascending/Descending nodes

### French Suits
## Hearts
# Black Heart
r90[["\u2665"]] <- "\u2765" # Rotated Black Heart
r90[["\u2764"]] <- "\u2765"
r180[["\u2665"]] <- "\u03c9\u0302"
# White Heart
r90[["\u2661"]] <- "\u2765"
r180[["\u2661"]] <- "\u03c9\u0302"
## Spades
# Black
r180[["\u2660"]] <- "\u2764\u030d"
# White
r180[["\u2664"]] <- "\u2661\u030d"
## Diamonds
# Black
r90[["\u2666"]] <- "\u25c6"
r180[["\u2666"]] <- "\u2666"
r270[["\u2666"]] <- "\u25c6"
# White
r90[["\u2662"]] <- "\u25c7"
r180[["\u2662"]] <- "\u2662"
r270[["\u2662"]] <- "\u25c7"
## Clubs
# Black
r180[["\u2663"]] <- "\u2235\u0304"
# White
r180[["\u2667"]] <- "\u2235\u0304"

### Chess symbols
# https://www.unicode.org/charts/PDF/U1FA00.pdf
# Note Unicode rotates clockwise whereas we rotate counter-clockwise
# Could add "neutral chess"
r45[["\u2658"]] <- "\U1fa45" # N
r45[["\u265e"]] <- "\U1fa46" # n

r90[["\u2654"]] <- "\U1fa33" # K
r90[["\u2655"]] <- "\U1fa34" # Q
r90[["\u2656"]] <- "\U1fa35" # R
r90[["\u2657"]] <- "\U1fa36" # B
r90[["\u2658"]] <- "\U1fa37" # N
r90[["\u2659"]] <- "\U1fa38" # P
r90[["\u265a"]] <- "\U1fa39" # k
r90[["\u265b"]] <- "\U1fa3a" # q
r90[["\u265c"]] <- "\U1fa3b" # r
r90[["\u265d"]] <- "\U1fa3c" # b
r90[["\u265e"]] <- "\U1fa3d" # n
r90[["\u265f"]] <- "\U1fa3e" # p

r135[["\u2658"]] <- "\U1fa30" # N
r135[["\u265e"]] <- "\U1fa31" # n

r180[["\u2654"]] <- "\U1fa1e" # K
r180[["\u2655"]] <- "\U1fa1f" # Q
r180[["\u2656"]] <- "\U1fa20" # R
r180[["\u2657"]] <- "\U1fa21" # B
r180[["\u2658"]] <- "\U1fa22" # N
r180[["\u2659"]] <- "\U1fa23" # P
r180[["\u265a"]] <- "\U1fa24" # k
r180[["\u265b"]] <- "\U1fa25" # q
r180[["\u265c"]] <- "\U1fa26" # r
r180[["\u265d"]] <- "\U1fa27" # b
r180[["\u265e"]] <- "\U1fa28" # n
r180[["\u265f"]] <- "\U1fa29" # p

r225[["\u2658"]] <- "\U1fa1b" # N
r225[["\u265e"]] <- "\U1fa1c" # n

r270[["\u2654"]] <- "\U1fa09" # K
r270[["\u2655"]] <- "\U1fa0a" # Q
r270[["\u2656"]] <- "\U1fa0b" # R
r270[["\u2657"]] <- "\U1fa0c" # B
r270[["\u2658"]] <- "\U1fa0d" # N
r270[["\u2659"]] <- "\U1fa0e" # P
r270[["\u265a"]] <- "\U1fa0f" # k
r270[["\u265b"]] <- "\U1fa10" # q
r270[["\u265c"]] <- "\U1fa11" # r
r270[["\u265d"]] <- "\U1fa12" # b
r270[["\u265e"]] <- "\U1fa13" # n
r270[["\u265f"]] <- "\U1fa14" # p

r225[["\u2658"]] <- "\U1fa06" # N
r225[["\u265e"]] <- "\U1fa07" # n

### Checkers
# White man
r45[["\u26c0"]] <- "\u26c0"
r90[["\u26c0"]] <- "\u26c0"
r135[["\u26c0"]] <- "\u26c0"
r180[["\u26c0"]] <- "\u26c0"
r225[["\u26c0"]] <- "\u26c0"
r270[["\u26c0"]] <- "\u26c0"
r315[["\u26c0"]] <- "\u26c0"
# White king
r45[["\u26c1"]] <- "\u26c1"
r90[["\u26c1"]] <- "\u26c1"
r135[["\u26c1"]] <- "\u26c1"
r180[["\u26c1"]] <- "\u26c1"
r225[["\u26c1"]] <- "\u26c1"
r270[["\u26c1"]] <- "\u26c1"
r315[["\u26c1"]] <- "\u26c1"
# Black man
r45[["\u26c2"]] <- "\u26c2"
r90[["\u26c2"]] <- "\u26c2"
r135[["\u26c2"]] <- "\u26c2"
r180[["\u26c2"]] <- "\u26c2"
r225[["\u26c2"]] <- "\u26c2"
r270[["\u26c2"]] <- "\u26c2"
r315[["\u26c2"]] <- "\u26c2"
# Black king
r45[["\u26c3"]] <- "\u26c3"
r90[["\u26c3"]] <- "\u26c3"
r135[["\u26c3"]] <- "\u26c3"
r180[["\u26c3"]] <- "\u26c3"
r225[["\u26c3"]] <- "\u26c3"
r270[["\u26c3"]] <- "\u26c3"
r315[["\u26c3"]] <- "\u26c3"

### Dice
# Middle Dot
r45[["\u00b7"]] <- "\u00b7"
r90[["\u00b7"]] <- "\u00b7"
r135[["\u00b7"]] <- "\u00b7"
r180[["\u00b7"]] <- "\u00b7"
r225[["\u00b7"]] <- "\u00b7"
r270[["\u00b7"]] <- "\u00b7"
r315[["\u00b7"]] <- "\u00b7"
# Katakana Middle Dot
r45[["\u30fb"]] <- "\u30fb"
r90[["\u30fb"]] <- "\u30fb"
r135[["\u30fb"]] <- "\u30fb"
r180[["\u30fb"]] <- "\u30fb"
r225[["\u30fb"]] <- "\u30fb"
r270[["\u30fb"]] <- "\u30fb"
r315[["\u30fb"]] <- "\u30fb"
# Braille Dots-34
r45[["\u280c"]] <- "\u205a"
r90[["\u280c"]] <- "\u2821"
r180[["\u280c"]] <- "\u280c"
r225[["\u280c"]] <- "\u205a"
r270[["\u280c"]] <- "\u2821"
# Braille Dots-43
r90[["\u2821"]] <- "\u280c"
r135[["\u2821"]] <- "\u205a"
r180[["\u2821"]] <- "\u2821"
r270[["\u2821"]] <- "\u280c"
r315[["\u2821"]] <- "\u205a"
# Right Diagonal Ellipsis
r45[["\u22f0"]] <- "\u22ee"
r90[["\u22f0"]] <- "\u22f1"
r135[["\u22f0"]] <- "\u22ef"
r180[["\u22f0"]] <- "\u22f0"
r225[["\u22f0"]] <- "\u22ee"
r270[["\u22f0"]] <- "\u22f1"
r315[["\u22f0"]] <- "\u22ef"
# Left Diagonal Ellipsis
r45[["\u22f1"]] <- "\u22ef"
r90[["\u22f1"]] <- "\u22f0"
r135[["\u22f1"]] <- "\u22ee"
r180[["\u22f1"]] <- "\u22f1"
r225[["\u22f1"]] <- "\u22ef"
r270[["\u22f1"]] <- "\u22f0"
r315[["\u22f1"]] <- "\u22ee"
# Proportion
r90[["\u2237"]] <- "\u2237"
r180[["\u2237"]] <- "\u2237"
r270[["\u2237"]] <- "\u2237"
# Squared Four Dot Punctuation
r90[["\u2e2c"]] <- "\u2e2c"
r180[["\u2e2c"]] <- "\u2e2c"
r270[["\u2e2c"]] <- "\u2e2c"
# Braille Dots-1346
r90[["\u282d"]] <- "\u282d"
r180[["\u282d"]] <- "\u282d"
r270[["\u282d"]] <- "\u282d"
# Five Dot Punctuation
r45[["\u2059"]] <- "\u2e2d"
r90[["\u2059"]] <- "\u2059"
r135[["\u2059"]] <- "\u2e2d"
r180[["\u2059"]] <- "\u2059"
r225[["\u2059"]] <- "\u2e2d"
r270[["\u2059"]] <- "\u2059"
r315[["\u2059"]] <- "\u2e2d"
# Braille Dots-123456
r90[["\u283f"]] <- "\u2026\u20db"
r180[["\u283f"]] <- "\u283f"
r270[["\u283f"]] <- "\u2026\u20db"
# Ellipsis plus Combining Three Dots Above
r90[["\u2026\u20db"]] <- "\u283f"
